{
 "cells": [
  {
   "cell_type": "code",
   "execution_count": 75,
   "metadata": {},
   "outputs": [
    {
     "name": "stdout",
     "output_type": "stream",
     "text": [
      "L 6.397194308925042\n",
      "box 261.79938779914926\n",
      "0.5235987755982988\n",
      "(0, 41, 1.0735762119293213)\n",
      "(2, 83, 1.0545949935913086)\n",
      "(3, 86, 1.1683919429779053)\n",
      "(3, 39, 1.1430314779281616)\n",
      "(3, 49, 1.1826090812683105)\n",
      "(4, 57, 1.1725801229476929)\n",
      "(4, 26, 1.102997899055481)\n",
      "(5, 66, 1.1254132986068726)\n",
      "(6, 67, 1.0987043380737305)\n",
      "(6, 8, 1.0583702325820923)\n",
      "(7, 76, 1.1162396669387817)\n",
      "(8, 6, 1.0583702325820923)\n",
      "(9, 62, 1.1806252002716064)\n",
      "(9, 73, 1.1467307806015015)\n",
      "(10, 65, 1.1519551277160645)\n",
      "(11, 79, 1.0196970701217651)\n",
      "(11, 82, 1.028042197227478)\n",
      "(13, 61, 1.0051300525665283)\n",
      "(14, 36, 1.1560829877853394)\n",
      "(14, 96, 1.0403931140899658)\n",
      "(15, 94, 1.076600432395935)\n",
      "(15, 78, 1.0799839496612549)\n",
      "(16, 92, 1.079377293586731)\n",
      "(16, 39, 1.0294663906097412)\n",
      "(18, 21, 1.0550262928009033)\n",
      "(18, 70, 1.1013768911361694)\n",
      "(19, 88, 1.140763759613037)\n",
      "(19, 80, 1.1814697980880737)\n",
      "(20, 56, 1.1411457061767578)\n",
      "(21, 75, 1.106615424156189)\n",
      "(21, 70, 1.1694444417953491)\n",
      "(21, 18, 1.0550262928009033)\n",
      "(22, 56, 1.165236473083496)\n",
      "(22, 92, 1.0439937114715576)\n",
      "(23, 55, 1.0889774560928345)\n",
      "(24, 52, 1.0899739265441895)\n",
      "(25, 62, 1.1672128438949585)\n",
      "(25, 84, 1.0529927015304565)\n",
      "(25, 67, 1.052791714668274)\n",
      "(26, 4, 1.102997899055481)\n",
      "(28, 84, 1.0780266523361206)\n",
      "(28, 66, 1.079563856124878)\n",
      "(29, 60, 1.088024616241455)\n",
      "(30, 97, 1.0312317609786987)\n",
      "(30, 70, 1.0343339443206787)\n",
      "(30, 46, 1.1445399522781372)\n",
      "(32, 36, 1.1095949411392212)\n",
      "(33, 91, 1.06556236743927)\n",
      "(33, 36, 1.1865264177322388)\n",
      "(34, 81, 1.1963756084442139)\n",
      "(34, 56, 1.183114767074585)\n",
      "(34, 92, 1.128934383392334)\n",
      "(36, 14, 1.1560829877853394)\n",
      "(36, 76, 1.0297391414642334)\n",
      "(36, 54, 1.034848690032959)\n",
      "(36, 32, 1.1095949411392212)\n",
      "(36, 33, 1.1865264177322388)\n",
      "(37, 97, 1.035187005996704)\n",
      "(38, 88, 1.0116558074951172)\n",
      "(39, 49, 1.094655990600586)\n",
      "(39, 3, 1.1430314779281616)\n",
      "(39, 41, 1.1220180988311768)\n",
      "(39, 16, 1.0294663906097412)\n",
      "(41, 81, 1.063452959060669)\n",
      "(41, 0, 1.0735762119293213)\n",
      "(41, 39, 1.1220180988311768)\n",
      "(42, 85, 1.1086596250534058)\n",
      "(42, 67, 1.1543608903884888)\n",
      "(42, 50, 1.190767526626587)\n",
      "(44, 50, 1.1943382024765015)\n",
      "(45, 97, 1.065902829170227)\n",
      "(46, 54, 1.0908125638961792)\n",
      "(46, 30, 1.1445399522781372)\n",
      "(47, 65, 1.0590226650238037)\n",
      "(49, 39, 1.094655990600586)\n",
      "(49, 3, 1.1826090812683105)\n",
      "(50, 74, 1.0108939409255981)\n",
      "(50, 60, 1.1938101053237915)\n",
      "(50, 98, 1.081398844718933)\n",
      "(50, 44, 1.1943382024765015)\n",
      "(50, 42, 1.190767526626587)\n",
      "(51, 81, 1.0816863775253296)\n",
      "(51, 58, 1.0597585439682007)\n",
      "(51, 70, 1.1077390909194946)\n",
      "(52, 76, 1.0705198049545288)\n",
      "(52, 83, 1.045317530632019)\n",
      "(52, 24, 1.0899739265441895)\n",
      "(54, 36, 1.034848690032959)\n",
      "(54, 76, 1.1706072092056274)\n",
      "(54, 46, 1.0908125638961792)\n",
      "(55, 23, 1.0889774560928345)\n",
      "(56, 34, 1.183114767074585)\n",
      "(56, 22, 1.165236473083496)\n",
      "(56, 20, 1.1411457061767578)\n",
      "(56, 92, 1.1229561567306519)\n",
      "(57, 90, 1.0814677476882935)\n",
      "(57, 4, 1.1725801229476929)\n",
      "(58, 51, 1.0597585439682007)\n",
      "(60, 50, 1.1938101053237915)\n",
      "(60, 29, 1.088024616241455)\n",
      "(61, 13, 1.0051300525665283)\n",
      "(62, 25, 1.1672128438949585)\n",
      "(62, 9, 1.1806252002716064)\n",
      "(65, 47, 1.0590226650238037)\n",
      "(65, 10, 1.1519551277160645)\n",
      "(66, 5, 1.1254132986068726)\n",
      "(66, 28, 1.079563856124878)\n",
      "(67, 25, 1.052791714668274)\n",
      "(67, 42, 1.1543608903884888)\n",
      "(67, 6, 1.0987043380737305)\n",
      "(68, 91, 1.0706537961959839)\n",
      "(70, 51, 1.1077390909194946)\n",
      "(70, 30, 1.0343339443206787)\n",
      "(70, 21, 1.1694444417953491)\n",
      "(70, 18, 1.1013768911361694)\n",
      "(71, 87, 1.1073647737503052)\n",
      "(73, 9, 1.1467307806015015)\n",
      "(74, 50, 1.0108939409255981)\n",
      "(75, 21, 1.106615424156189)\n",
      "(75, 81, 1.1203289031982422)\n",
      "(76, 36, 1.0297391414642334)\n",
      "(76, 52, 1.0705198049545288)\n",
      "(76, 54, 1.1706072092056274)\n",
      "(76, 7, 1.1162396669387817)\n",
      "(78, 94, 1.1301538944244385)\n",
      "(78, 15, 1.0799839496612549)\n",
      "(79, 82, 1.0720889568328857)\n",
      "(79, 11, 1.0196970701217651)\n",
      "(80, 19, 1.1814697980880737)\n",
      "(81, 51, 1.0816863775253296)\n",
      "(81, 34, 1.1963756084442139)\n",
      "(81, 41, 1.063452959060669)\n",
      "(81, 75, 1.1203289031982422)\n",
      "(82, 79, 1.0720889568328857)\n",
      "(82, 11, 1.028042197227478)\n",
      "(83, 2, 1.0545949935913086)\n",
      "(83, 52, 1.045317530632019)\n",
      "(84, 25, 1.0529927015304565)\n",
      "(84, 28, 1.0780266523361206)\n",
      "(85, 42, 1.1086596250534058)\n",
      "(85, 96, 1.0651026964187622)\n",
      "(86, 3, 1.1683919429779053)\n",
      "(87, 71, 1.1073647737503052)\n",
      "(88, 94, 1.1987875699996948)\n",
      "(88, 38, 1.0116558074951172)\n",
      "(88, 19, 1.140763759613037)\n",
      "(90, 95, 1.0703587532043457)\n",
      "(90, 57, 1.0814677476882935)\n",
      "(91, 68, 1.0706537961959839)\n",
      "(91, 33, 1.06556236743927)\n",
      "(92, 34, 1.128934383392334)\n",
      "(92, 56, 1.1229561567306519)\n",
      "(92, 22, 1.0439937114715576)\n",
      "(92, 16, 1.079377293586731)\n",
      "(94, 15, 1.076600432395935)\n",
      "(94, 88, 1.1987875699996948)\n",
      "(94, 78, 1.1301538944244385)\n",
      "(95, 90, 1.0703587532043457)\n",
      "(96, 85, 1.0651026964187622)\n",
      "(96, 14, 1.0403931140899658)\n",
      "(97, 30, 1.0312317609786987)\n",
      "(97, 37, 1.035187005996704)\n",
      "(97, 45, 1.065902829170227)\n",
      "(98, 50, 1.081398844718933)\n",
      "(99, 3, 1.0825724601745605)\n",
      "(99, 42, 1.080100178718567)\n",
      "(99, 8, 1.152875304222107)\n"
     ]
    }
   ],
   "source": [
    "import numpy as np\n",
    "import freud\n",
    "import gsd.hoomd\n",
    "\n",
    "### input parameters\n",
    "N = 100 # number of particle in a box\n",
    "phi_p = 0.2 # packing fraction. This initialization is for diulte system. ~0.4 or less recommended\n",
    "D = 1.0 # particle diameter\n",
    "r_factor = 1.0 # how much overlap is allowed (1: hard, no overlap)\n",
    "\n",
    "\n",
    "r_min = D*r_factor\n",
    "v_0 = 4*np.pi/3*(D/2)**3 # volume of a single particle\n",
    "L = ((N*v_0)/phi_p)**(1/3) # cubic box length\n",
    "\n",
    "fbox = freud.box.Box.cube(L) # create freud box to check overlap\n",
    "pos = np.random.rand(1,3)*L - L/2\n",
    "# add a particle at a time after overlap check\n",
    "while len(pos) < N:\n",
    "    aq = freud.locality.AABBQuery(fbox, pos)\n",
    "    pos_trial = np.random.rand(1,3)*L - L/2\n",
    "    if len(list(aq.query(pos_trial, dict(r_max=r_min)))) == 0:\n",
    "        pos = np.append(pos,pos_trial, axis=0)\n",
    "\n",
    "snap = gsd.hoomd.Snapshot()\n",
    "snap.particles.N = N\n",
    "snap.particles.types = ['A']\n",
    "snap.particles.typeid = np.zeros(N)\n",
    "snap.particles.position = pos\n",
    "snap.particles.diameter = D*np.ones(N)\n",
    "snap.configuration.box = [fbox.Lx, fbox.Ly, fbox.Lz, fbox.xy, fbox.xz, fbox.yz]\n",
    "init_gsd = gsd.hoomd.open(name='init.gsd', mode='wb')\n",
    "init_gsd.append(snap)\n",
    "#hoomd.init.read_gsd('init_gsd')"
   ]
  },
  {
   "cell_type": "code",
   "execution_count": null,
   "metadata": {},
   "outputs": [],
   "source": []
  }
 ],
 "metadata": {
  "kernelspec": {
   "display_name": "Python 3",
   "language": "python",
   "name": "python3"
  },
  "language_info": {
   "codemirror_mode": {
    "name": "ipython",
    "version": 3
   },
   "file_extension": ".py",
   "mimetype": "text/x-python",
   "name": "python",
   "nbconvert_exporter": "python",
   "pygments_lexer": "ipython3",
   "version": "3.7.3"
  }
 },
 "nbformat": 4,
 "nbformat_minor": 2
}
